P0: 0 0 0 0 0 0 0 0 0 0 0 0
P1: 0 0 0 0 0 0 0 0 0 0 0 0
P2:
P3: 0 0 0 0 0 0 0 0 0 0 0 0
R0_rect:
Tr_velo_to_cam:
Tr_imu_to_velo: 0 0 0 0 0 0 0 0 0 0 0 0
